-101.9
-126.9
-125.9
-124.9
-123.9
-122.9
-121.9
-119.9
-118.9
-118.9
-117.9
-116.9
-115.9
-114.9
-114.9
-113.9
-112.9
-111.9
-110.9
-107.9
-105.9
-109.9
-109.9
-108.9
-107.9
-106.9
-106.9
-105.9
-104.9
-103.9
-107.9
-105.9
-100.65
-99.65
-97.65
-102.65
-101.65
-100.65
-99.65
-99.65
-98.65
-97.65
-96.65
-95.65
-94.65
-93.65
-92.65
-95.65
-94.65
-93.65
-92.65
-91.65
-90.65
-89.65
-88.65
-87.65
-86.65
-85.65
-85.65
-82.9
-81.9
-80.9
-79.9
-79.9
-78.9
-77.9
-98.9
-103.15
-105.15
-98.65
-98.65
-87.65
-77.4
-76.4
-74.4
-74.4
-73.4
-72.4
-71.4
-70.4
-69.4
-68.4
-85.4
-82.9
-74.15
-73.15
-72.15
-71.15
-71.15
-62.4
-61.4
-60.4
-58.4
-57.4
-55.65
-54.65
-53.65
-52.65
-51.65
-50.65
-49.65
-48.65
-47.65
-45.65
-44.65
-69.65
-69.65
-78.9
-78.9
-76.9
-75.9
-73.9
-72.9
-71.9
-70.9
-69.9
-68.9
-67.9
-66.9
-65.9
-64.9
-63.9
-62.9
-61.9
-60.9
-59.9
-58.9
-88.15
-87.15
-86.15
-85.15
-95.15
-94.15
-93.15
-92.15
-86.65
-86.65
-85.65
-91.4
-86.4
-85.4
-83.4
-82.4
-81.4
-80.4
-79.4
-78.4
-79.4
-78.4
-77.4
-76.4
-75.4
-74.4
-187.65
-186.65
-185.65
-184.65
-183.65
-181.65
-180.65
-179.65
-178.65
-177.65
-185.65
-184.65
-196.65
-211.9
-202.4
-159.15
-199.15
-200.4
-201.4
-200.4
-199.4
-198.4
-197.4
-195.4
-194.4
-193.4
-192.4
-190.4
-189.4
-188.4
-187.4
-186.4
-185.4
-184.4
-183.4
-181.4
-180.4
-179.4
-178.4
-177.4
-176.4
-175.4
-174.4
-173.4
-172.4
-171.4
-170.4
-169.4
-168.4
-167.4
-166.4
-165.4
-164.4
-164.4
-163.4
-164.4
-163.4
-162.4
-161.4
-160.4
-159.4
-158.4
-156.4
-155.4
-153.4
-151.4
-150.4
-150.4
-149.4
-148.4
-146.4
-145.4
-144.4
-142.4
-141.4
-140.4
-139.4
-138.4
-137.4
-136.4
-137.4
-137.4
-136.4
-135.4
-134.4
-142.4
-141.4
-140.4
-139.4
-138.4
-137.4
-142.4
-141.4
-139.4
-138.4
-136.4
-135.4
-134.4
-134.4
-133.4
-133.4
-132.4
-131.4
-130.4
-129.4
-130.4
-129.4
-129.4
-128.4
-127.4
-126.4
-125.4
-124.4
-161.65
-160.65
-159.65
-158.65
-157.65
-157.65
-258.15
-257.15
-256.15
-255.15
-269.9
-267.9
-266.9
-265.9
-263.9
-262.9
-261.9
-265.9
-264.9
-263.9
-259.9
-258.9
-257.9
-255.9
-254.9
-252.9
-251.9
-250.9
-249.9
-248.9
-247.9
-246.9
-251.9
-249.9
-248.9
-248.9
-247.9
-246.9
-245.9
-244.9
-243.9
-242.9
-241.9
-240.9
-239.9
-238.9
-237.9
-235.9
-234.9
-233.9
-233.9
-232.9
-231.9
-231.9
-230.9
-229.9
-228.9
-226.9
-224.9
-222.9
-221.9
-220.9
-219.9
-217.9
-216.9
-215.9
-214.9
-213.9
-212.9
-210.15
-209.15
-207.15
-206.15
-206.15
-205.15
-204.15
-203.15
-202.15
-201.15
-200.15
-205.9
-204.9
-203.9
-220.9
-227.9
-108.15
-83.9
-90.9
-94.9
-93.9
-92.9
-91.9
-90.9
-110.4
-110.4
-179.65
-383.4
-378.4
-366.9
-332.15
-310.65
-282.65
774.1
775.1
776.6
777.6
777.6
823.1
812.35
814.35
815.35
816.35
817.35
818.35
819.35
817.35
818.35
819.35
820.35
821.35
822.35
823.35
825.35
826.35
826.35
826.35
827.35
828.35
832.1
833.1
834.1
835.1
836.1
837.1
838.1
839.1
839.1
840.1
840.1
841.1
841.1
834.1
835.1
836.1
837.1
838.1
840.1
841.1
842.1
843.1
844.1
845.1
846.1
847.1
848.1
849.1
850.1
848.1
850.85
851.85
851.85
855.35
856.35
857.35
858.35
859.35
861.1
862.1
863.1
864.1
861.85
862.85
863.85
864.85
865.85
866.85
868.85
869.85
869.85
869.85
870.85
871.85
871.85
861.85
862.85
863.85
864.85
855.6
856.6
857.6
858.6
859.6
860.6
861.6
862.1
863.1
864.1
865.1
866.1
867.1
868.1
869.1
870.85
871.85
872.85
873.85
874.85
875.85
876.85
878.85
879.85
880.85
881.85
882.85
883.85
885.85
886.85
887.85
888.85
889.85
890.85
891.85
892.85
893.85
893.85
894.85
895.85
896.85
900.6
901.6
902.6
903.6
906.35
907.35
908.35
909.35
910.35
911.35
912.35
913.35
914.35
915.35
916.35
917.35
917.1
919.85
920.85
922.85
923.85
924.85
925.85
926.85
916.85
917.85
918.85
919.85
920.85
921.85
922.85
924.6
925.6
926.6
927.6
929.6
930.6
931.6
932.6
932.6
933.6
934.6
937.35
938.35
939.35
940.35
941.35
942.35
943.35
943.35
944.35
945.35
945.35
946.35
873.6
897.6
899.35
961.85
1020.6
1030.85
1056.35
1103.6
1199.6
1202.1
1203.85
1207.35
1207.35
1286.35
1389.85
1402.1
1421.6
1469.1
1652.35
1687.35
1735.1
1820.35
1853.6
1911.35
1920.1
1938.6
1956.85
1975.85
2034.85
2064.35
2123.6
2172.85
2211.1
2211.1
2214.6
2221.35
2292.85
2295.35
2322.85
2339.1
2375.6
2439.85
2484.6
2539.1
2589.6
2590.6
2591.6
2592.6
2595.35
2595.35
2596.35
2597.35
2597.35
2598.35
2599.35
2600.35
2601.35
2602.35
2603.35
2604.35
2605.35
2606.35
2603.1
2604.1
2605.1
2605.1
2606.1
2607.1
2609.1
2610.1
2611.1
2630.35
2662.6
2673.1
2679.6
2710.85
2759.6
2820.35
2952.85
2997.85
3016.35
3067.1
3108.6
3133.35
3133.35
3236.6
3238.35
3258.6
3280.85
3281.85
3282.85
3355.1
3396.6
3436.35
3447.85
3457.1
3458.1
3460.1
3461.1
3462.1
3463.1
3464.1
3465.1
3466.1
3468.85
3468.85
3471.85
3472.85
3473.85
3474.85
3475.85
3476.85
3476.85
3482.6
3483.6
3484.6
3485.6
3486.6
3487.6
3488.6
3489.6
3490.6
3492.6
3492.6
3493.6
3496.6
3497.6
3498.6
3499.6
3500.6
3503.6
3505.6
3506.6
3509.35
3510.35
3511.35
3512.35
3513.35
3514.35
3516.35
3629.6
3656.35
3728.6
3797.85
3801.85
3802.85
3803.85
3803.85
3804.85
3805.85
3806.85
3809.6
3810.6
3811.6
3812.6
3813.6
3814.6
3817.6
3818.6
3819.6
3820.6
3821.6
3823.6
3824.6
3825.6
3826.6
3827.6
3830.35
3831.35
3832.35
3833.35
3834.35
3835.35
3836.35
3837.35
3839.35
3840.35
3841.35
3842.35
3843.35
3844.35
3845.35
3846.35
3847.35
3848.35
3850.35
3851.35
3852.35
3853.35
3854.35
3855.35
3856.35
3859.1
3860.1
3862.1
3863.1
3865.1
3866.1
3867.1
3868.1
3869.1
3870.1
3871.1
3873.1
3874.1
3875.1
3876.1
3879.6
3880.6
3881.6
3882.6
3883.6
3884.6
3885.6
3886.6
3887.6
3888.6
3889.6
3890.6
3891.6
3892.6
3871.35
3872.35
3874.35
3875.35
3876.35
3878.35
3879.35
3880.35
3881.35
3882.35
3885.1
3886.1
3887.1
3888.1
3889.1
3890.1
3892.1
3893.1
3894.1
3896.1
3898.1
3899.1
3900.1
3901.1
3902.1
3903.1
3904.1
3906.85
3907.85
3908.85
3909.85
3910.85
3912.85
3913.85
3914.85
3915.85
3916.85
3917.85
3918.85
3921.85
3922.85
3923.85
3924.85
3925.85
3926.85
3930.85
3934.6
3935.6
3936.6
3937.6
3938.6
3940.6
3941.6
3942.6
3943.6
3944.6
3946.6
3947.6
3948.6
3949.6
3950.6
3951.6
3952.6
3955.35
3956.35
3957.35
3958.35
3959.35
3960.35
3961.35
3962.35
3963.35
3964.35
3965.35
3966.35
3967.35
3968.35
3971.35
3972.35
3973.35
3974.35
3975.35
3977.35
3978.35
3979.35
3980.35
3981.35
3982.35
3983.35
3985.1
3986.1
3987.1
3988.1
3989.1
3990.1
3991.1
3993.1
3995.1
3996.1
3997.1
3998.1
3999.1
3999.1
4001.1
4002.1
4005.1
4007.1
4008.1
4009.1
4010.1
4013.1
4014.1
4015.1
4016.1
4017.1
4019.1
4020.1
4021.1
4022.1
4023.1
4024.1
4026.85
4027.85
4028.85
4030.85
4031.85
4033.85
4034.85
4034.85
4035.85
4036.85
4037.85
4039.85
4040.85
4040.85
4042.85
4043.85
4046.6
4047.6
4048.6
4049.6
4050.6
4052.6
4053.6
4054.6
4055.6
4056.6
4057.6
4058.6
4061.6
4062.6
4063.6
4064.6
4065.6
4066.6
4068.6
4069.6
4070.6
4071.6
4072.6
4073.6
4074.6
4077.35
4078.35
4080.35
4081.35
4082.35
4084.35
4085.35
4086.35
4087.35
4091.1
4092.1
4093.1
4095.1
4097.85
4098.85
4099.85
4100.85
4101.85
4102.85
4102.85
4103.85
4104.85
4105.85
4105.85
4106.85
4107.85
4108.85
4109.85
4113.85
4114.85
4115.85
4116.85
4117.85
4119.85
4120.85
4121.85
4122.85
4123.85
4124.85
4125.85
4129.6
4130.6
4131.6
4133.6
4134.6
4135.6
4136.6
4136.6
4137.6
4138.6
4140.6
4141.6
4142.6
4143.6
4144.6
4145.6
4146.6
4148.35
4149.35
4150.35
4151.35
4152.35
4155.35
4156.35
4157.35
4158.35
4159.35
4162.35
4163.35
4164.35
4165.35
4166.35
4168.35
4168.35
4169.35
4170.35
4171.35
4172.35
4173.35
4176.1
4177.1
4178.1
4179.1
4180.1
4182.1
4183.1
4184.1
4185.1
4186.1
4188.1
4189.1
4189.1
4190.1
4191.1
4195.6
4196.6
4197.6
4198.6
4199.6
4200.6
4201.6
4202.6
4203.6
4204.6
4205.6
4206.6
4207.6
4208.6
4208.6
4210.6
4211.6
4212.6
4213.6
4216.35
4217.35
4218.35
4219.35
4219.35
4222.1
4223.1
4223.1
4225.1
4227.1
4227.1
4228.1
4229.1
4230.1
4231.1
4232.1
4233.1
4233.1
4234.1
4235.1
4238.85
4239.85
4240.85
4241.85
4242.85
4243.85
4244.85
4245.85
4246.85
4247.85
4248.85
4250.85
4251.85
4252.85
4253.85
4254.85
4255.85
4257.85
4258.85
4259.85
4265.35
4266.35
4267.35
4268.35
4270.35
4271.35
4272.35
4273.35
4276.35
4277.35
4278.35
4279.35
4280.35
4283.1
4284.1
4285.1
4286.1
4287.1
4289.1
4290.1
4291.1
4292.1
4294.1
4295.1
4298.1
4299.1
4300.1
4302.1
4303.1
4304.1
4305.1
4306.1
4307.1
4309.85
4310.85
4311.85
4312.85
4313.85
4314.85
4316.85
4317.85
4318.85
4319.85
4320.85
4322.85
4324.85
4325.85
4326.85
4327.85
4330.6
4331.6
4333.6
4334.6
4335.6
4336.6
4337.6
4338.6
4339.6
4343.6
4344.6
4345.6
4346.6
4347.6
4349.6
4350.6
4351.6
4353.6
4356.35
4357.35
4359.35
4360.35
4361.35
4363.35
4364.35
4365.35
4366.35
4367.35
4368.35
4371.35
4372.35
4368.6
4369.6
4370.6
4371.6
4372.6
4373.6
4374.6
4375.6
4376.6
4377.6
4378.6
4379.6
4380.6
4383.6
4385.6
4386.6
4368.1
4369.1
4370.1
4371.1
4374.1
4375.1
4376.1
4377.1
4378.1
4379.1
4380.1
4376.85
4377.85
4379.85
4379.85
4381.85
4383.85
4384.85
4388.35
4389.35
4390.35
4391.35
4392.35
4393.35
4394.35
4395.35
4398.35
4400.35
4401.35
4402.35
4405.85
4405.85
4406.85
4411.6
4412.6
4413.6
4414.6
4415.6
4416.6
4418.6
4419.6
4420.6
4420.6
4421.6
4422.6
4423.6
4425.6
4426.6
4427.6
4428.6
4429.6
4430.6
4431.6
4434.35
4435.35
4436.35
4437.35
4438.35
4441.1
4441.1
4442.1
4444.1
4445.1
4446.1
4447.1
4448.1
4449.1
4452.6
4453.6
4454.6
4456.6
4457.6
4459.6
4460.6
4460.6
4460.6
4463.6
4464.6
4468.1
4470.1
4471.1
4472.1
4473.1
4474.1
4476.85
4477.85
4478.85
4479.85
4480.85
4484.35
4485.35
4486.35
4487.35
4488.35
4488.35
4491.35
4492.35
4493.35
4494.35
4495.35
4496.35
4497.35
4498.35
4499.35
4499.35
4502.1
4503.1
4504.1
4506.1
4507.1
4508.1
4509.1
4510.1
4511.1
4512.1
4513.1
4515.1
4516.1
4517.1
4518.1
4519.1
4520.1
4521.1
4524.85
4525.85
4526.85
4527.85
4528.85
4529.85
4530.85
4531.85
4532.85
4533.85
4535.85
4538.85
4539.85
4540.85
4541.85
4543.6
4544.6
4545.6
4546.6
4547.6
4548.6
4551.35
4552.35
4556.85
4557.85
4559.85
4560.85
4561.85
4563.85
4564.85
4566.85
4567.85
4570.6
4571.6
4571.6
4572.6
4573.6
4574.6
4578.85
4579.85
4583.35
4586.85
4590.35
4595.6
4596.6
4598.6
4599.6
4600.6
4601.6
4601.6
4602.6
4603.6
4609.1
4610.1
4611.1
4612.1
4613.1
4615.1
4616.1
4618.1
4619.1
4620.1
4623.1
4624.1
4625.1
4626.1
4627.1
4629.6
4630.6
4631.6
4632.6
4633.6
4634.6
4638.1
4639.1
4640.1
4643.6
4644.6
4645.6
4646.6
4647.6
4649.6
4649.6
4650.6
4651.6
4652.6
4653.6
4654.6
4658.35
4659.35
4660.35
4661.35
4663.35
4664.35
4665.35
4666.35
4669.35
4671.35
4672.35
4673.35
4676.85
4677.85
4679.85
4683.35
4684.35
4685.35
4685.35
4686.35
4687.35
4688.35
4689.35
4690.35
4691.35
4692.35
4692.35
4693.35
4694.35
4697.35
4698.35
4700.35
4704.1
4705.1
4706.1
4707.1
4708.1
4709.1
4710.1
4711.1
4714.1
4715.1
4716.1
4717.1
4718.1
4719.1
4720.1
4721.1
4722.1
4723.1
4723.1
4724.1
4725.1
4727.85
4728.85
4729.85
4730.85
4731.85
4732.85
4734.85
4734.85
4735.85
4736.85
4737.85
4738.85
4740.85
4741.85
4742.85
4743.85
4744.85
4745.85
4748.6
4749.6
4750.6
4751.6
4752.6
4753.6
4755.6
4756.6
4757.6
4758.6
4759.6
4762.6
4763.6
4764.6
4765.6
4766.6
4767.6
4768.6
4772.1
4774.1
4775.1
4776.1
4773.85
4774.85
4775.85
4776.85
4777.85
4778.85
4780.85
4781.85
4782.85
4783.85
4784.85
4786.85
4787.85
4788.85
4789.85
4790.85
4791.85
4794.6
4795.6
4795.6
4796.6
4797.6
4798.6
4799.6
4800.6
4800.6
4806.1
4807.1
4808.1
4809.1
4810.1
4811.1
4812.1
4815.6
4816.6
4817.6
4818.6
4819.6
4820.6
4821.6
4824.35
4825.35
4826.35
4827.35
4829.35
4830.35
4831.35
4832.35
4833.35
4834.35
4836.35
4837.35
4841.6
4842.6
4843.6
4845.6
4846.6
4848.6
4849.6
4850.6
4853.6
4854.6
4855.6
4856.6
4857.6
4860.35
4861.35
4862.35
4866.6
4867.6
4868.6
4869.6
4870.6
4872.6
4873.6
4874.6
4875.6
4878.6
4879.6
4880.6
4881.6
4882.6
4883.6
4886.35
4887.35
4888.35
4889.35
4890.35
4891.35
4892.35
4893.35
4894.35
4895.35
4896.35
4897.35
4898.35
4901.35
4902.35
4903.35
4909.35
4910.35
4911.35
4912.35
4916.1
4917.1
4918.1
4919.1
4920.1
4922.1
4924.1
4925.1
4926.1
4927.1
4928.1
4929.1
4930.1
4931.1
4933.1
4935.85
4936.85
4937.85
4938.85
4939.85
4940.85
4941.85
4942.85
4943.85
4944.85
4944.85
4944.85
4945.85
4946.85
4949.85
4950.85
4951.85
4951.85
4952.85
4953.85
4955.85
4956.85
4957.85
4958.85
4959.85
4960.85
4961.85
4964.6
4965.6
4966.6
4967.6
4968.6
4969.6
4971.6
4972.6
4973.6
4973.6
4974.6
4976.6
4977.6
4978.6
4980.6
4981.6
4984.35
4985.35
4987.35
4988.35
4989.35
4990.35
4991.35
4988.35
4989.35
4990.35
4991.35
4992.35
4993.35
4994.35
4995.35
4996.35
4997.35
4998.35
4999.35
5000.35
5001.35
5004.1
5005.1
5006.1
5007.1
5008.1
5009.1
5010.1
5012.1
5015.6
5016.6
5017.6
5018.6
5019.6
5022.35
5023.35
5024.35
5025.35
5026.35
5027.35
5028.35
5029.35
5030.35
5031.35
5028.35
5029.35
5030.35
5032.85
5033.85
5034.85
5035.85
5036.85
5039.6
5040.6
5041.6
5042.6
5043.6
5046.6
5047.6
5048.6
5049.6
5050.6
5051.6
5052.6
5054.6
5055.6
5056.6
5057.6
5058.6
5059.6
5062.35
5063.35
5064.35
5065.35
5066.35
5067.35
5068.35
5069.35
5071.35
5072.35
5073.35
5074.35
5075.35
5068.35
5069.35
5070.35
5071.35
5072.35
5075.1
5078.6
5079.6
5083.35
5084.35
5085.35
5086.35
5088.35
5089.35
5090.35
5091.35
5092.35
5093.35
5094.35
5096.35
5097.35
5098.35
5100.35
5103.1
5104.1
5105.1
5106.1
5107.1
5108.1
5109.1
5110.1
5111.1
5114.1
5115.1
5116.1
5117.1
5118.1
5119.1
5120.1
5123.6
5124.6
5125.6
5129.1
5130.1
5133.6
5134.6
5135.6
5137.6
5138.6
5140.6
5141.6
5142.6
5143.6
5145.35
5146.35
5147.35
5148.35
5148.35
5149.35
5150.35
5151.35
5152.35
5153.35
5154.35
5155.35
5155.35
5156.35
5159.35
5160.35
5163.85
5164.85
5165.85
5166.85
5167.85
5168.85
5170.6
5171.6
5172.6
5173.6
5174.6
5174.6
5175.6
5178.6
5179.6
5180.6
5181.6
5182.6
5184.6
5185.6
5186.6
5187.6
5188.6
5189.6
5190.6
5193.35
5194.35
5195.35
5196.35
5197.35
5198.35
5199.35
5199.35
5200.35
5201.35
5202.35
5203.35
5204.35
5205.35
5208.35
5208.35
5209.35
5210.35
5211.35
5214.85
5215.85
5216.85
5217.85
5218.85
5221.6
5222.6
5223.6
5224.6
5225.6
5226.6
5228.6
5229.6
5230.6
5232.6
5234.6
5235.6
5236.6
5237.6
5241.35
5242.35
5243.35
5244.35
5245.35
5246.35
5247.35
5248.35
5250.35
5251.35
5253.35
5254.35
5255.35
5256.35
5256.35
5257.35
5260.85
5261.85
5262.85
5263.85
5264.85
5265.85
5266.85
5269.6
5270.6
5271.6
5272.6
5273.6
5280.6
5282.6
5283.6
5283.6
5284.6
5285.6
5288.35
5289.35
5290.35
5291.35
5292.35
5293.35
5294.35
5295.35
5296.35
5297.35
5298.35
5299.35
5300.35
5301.35
5302.35
5305.35
5306.35
5307.35
5308.35
5309.35
5312.85
5313.85
5314.85
5315.85
5316.85
5319.6
5320.6
5323.6
5325.6
5326.6
5327.6
5328.6
5329.6
5330.6
5332.6
5334.6
5335.6
5336.6
5339.35
5340.35
5341.35
5343.85
5344.85
5345.85
5346.85
5347.85
5348.85
5349.85
5350.85
5353.85
5354.85
5355.85
5356.85
5357.85
5358.85
5359.85
5363.35
5364.35
5365.35
5366.35
5367.35
5368.35
5371.1
5372.1
5373.1
5374.1
5374.1
5375.1
5376.1
5379.1
5380.1
5384.1
5386.85
5387.85
5387.85
5388.85
5389.85
5390.85
5391.85
5392.85
5393.85
5398.6
5399.6
5399.6
5400.6
5401.6
5401.6
5405.1
5406.1
5407.1
5408.1
5409.1
5410.1
5412.85
5413.85
5414.85
5415.85
5418.6
5419.6
5420.6
5422.6
5424.6
5425.6
5426.6
5427.6
5428.6
5431.35
5432.35
5433.35
5434.35
5435.35
5436.35
5437.35
5438.35
5439.35
5440.35
5441.35
5442.35
5443.35
5444.35
5447.35
5448.35
5449.35
5450.35
5451.35
5452.35
5455.85
5456.85
5457.85
5458.85
5459.85
5460.85
5467.1
5469.1
5470.1
5471.1
5473.1
5475.1
5476.1
5478.85
5479.85
5480.85
5481.85
5482.85
5483.85
5483.85
5484.85
5485.85
5486.85
5487.85
5488.85
5489.85
5492.85
5493.85
5494.85
5495.85
5500.35
5501.35
5502.35
5503.35
5504.35
5507.1
5508.1
5509.1
5510.1
5511.1
5512.1
5514.1
5515.1
5516.1
5517.1
5518.1
5519.1
5521.1
5522.1
5524.1
5525.1
5526.1
5528.85
5529.85
5530.85
5531.85
5532.85
5533.85
5534.85
5535.85
5541.35
5542.35
5543.35
5544.35
5545.35
5546.35
5547.35
5549.35
5550.35
5551.35
5552.35
5553.35
5554.35
5557.1
5558.1
5559.1
5560.1
5561.1
5562.1
5564.1
5565.1
5566.1
5567.1
5568.1
5569.1
5569.1
5571.1
5576.85
5577.85
5578.85
5579.85
5584.6
5585.6
5586.6
5587.6
5588.6
5589.6
5590.6
5592.6
5593.6
5594.6
5595.6
5596.6
5597.6
5598.6
5599.6
5600.6
5601.6
5602.6
5604.6
5605.6
5605.6
5606.6
5607.6
5607.6
5609.6
5610.6
5611.6
5611.6
5611.6
5612.6
5613.6
5615.6
5616.6
5617.6
5619.6
5620.6
5621.6
5622.6
5623.6
5624.6
5625.6
5626.6
5627.6
5630.6
5632.6
5633.6
5634.6
5637.6
5638.6
5639.6
5640.6
5641.6
5644.35
5646.35
5647.35
5648.35
5649.35
5651.35
5651.35
5652.35
5653.35
5654.35
5657.1
5658.1
5659.1
5660.85
5661.85
5662.85
5663.85
5664.85
5665.85
5666.85
5667.85
5667.85
5669.85
5670.85
5671.85
5672.85
5673.85
5674.85
5676.85
5678.85
5679.85
5680.85
5681.85
5682.85
5683.85
5684.85
5687.6
5688.6
5689.6
5691.6
5693.6
5694.6
5695.6
5696.6
5698.6
5700.6
5702.6
5709.35
5710.35
5711.35
5712.35
5713.35
5714.35
5715.35
5718.35
5719.35
5720.35
5720.35
5721.35
5722.35
5722.35
5723.35
5724.35
5725.35
5728.1
5730.1
5731.1
5733.1
5733.1
5734.1
5735.1
5736.1
5737.1
5738.1
5741.1
5742.1
5743.1
5744.1
5746.85
5747.85
5748.85
5749.85
5751.85
5752.85
5755.85
5756.85
5757.85
5758.6
5760.6
5761.6
5764.6
5764.6
5765.6
5766.6
5769.35
5770.35
5771.35
5772.35
5773.35
5775.35
5776.35
5777.35
5778.35
5779.35
5780.35
5781.35
5783.35
5784.35
5785.35
5786.35
5787.35
5788.35
5789.35
5792.1
5793.1
5794.1
5795.1
5796.1
5797.1
5798.1
5799.1
5800.1
5801.1
5802.1
5803.1
5803.1
5804.1
5805.1
5808.1
5809.1
5811.1
5812.1
5814.1
5816.1
5818.1
5820.85
5822.85
5822.85
5824.85
5825.85
5826.85
5827.85
5828.85
5829.85
5830.85
5831.85
5832.85
5835.6
5836.6
5837.6
5838.6
5839.6
5840.6
5841.6
5842.6
5843.6
5844.6
5845.6
5846.6
5849.6
5849.6
5850.6
5851.6
5852.6
5853.6
5854.6
5856.6
5857.6
5858.6
5859.6
5859.6
5860.6
5863.35
5865.35
5866.35
5867.35
5869.35
5870.35
5873.35
5874.35
5875.35
5876.35
5877.35
5878.35
5879.35
5882.1
5882.1
5884.1
5885.1
5886.1
5887.1
5888.1
5889.1
5890.1
5891.1
5892.1
5890.85
5891.85
5892.85
5894.85
5895.85
5896.85
5897.85
5898.85
5902.6
5903.6
5904.6
5905.6
5906.6
5907.6
5909.6
5910.6
5911.6
5912.6
5915.35
5917.35
5921.1
5922.1
5923.1
5924.1
5925.1
5926.1
5927.1
5929.1
5930.1
5931.1
5932.1
5932.1
5933.1
5934.1
5935.1
5936.1
5937.1
5938.1
5938.1
5939.1
5941.85
5941.85
5942.85
5943.85
5946.85
5947.85
5948.85
5948.85
5950.85
5951.85
5953.85
5954.85
5956.6
5957.6
5959.6
5962.35
5963.35
5964.35
5965.35
5966.35
5969.35
5970.35
5971.35
5972.35
5971.1
5972.1
5973.1
5974.1
5975.1
5976.1
5977.1
5978.1
5979.1
5980.1
5981.1
5982.1
5983.1
5985.1
5986.1
5987.1
5988.1
5989.1
5990.1
5992.1
5993.1
5994.1
5995.1
5996.1
5997.1
5998.1
6000.85
6001.85
6002.85
6003.85
6003.85
6004.85
6005.85
6006.85
6007.85
6008.85
6009.85
6010.85
6011.85
6012.85
6013.85
6014.85
6015.85
5996.6
5997.6
5998.6
5999.6
6000.6
6001.6
5992.6
5993.6
5994.6
5995.6
5996.6
5997.6
5999.6
6000.6
6001.6
6002.6
6003.6
6004.6
6006.6
6007.6
6008.6
6009.6
6010.6
6011.6
6014.35
6015.35
6016.35
6017.35
6017.35
6018.35
6020.35
6021.35
6022.35
6023.35
6024.35
6026.35
6027.35
6028.35
6029.35
6032.85
6037.6
6038.6
6039.6
6040.6
6041.6
6042.6
6043.6
6047.1
6048.1
6052.6
6053.6
6056.35
6057.35
6059.35
6060.35
6061.35
6062.35
6063.35
6064.35
6065.35
6066.35
6069.35
6070.35
6071.35
6072.35
6073.35
6074.35
6077.85
6078.85
6079.85
6079.85
6080.85
6081.85
6083.85
6084.85
6085.85
6092.85
6093.85
6095.85
6096.85
6097.85
6098.85
6099.85
6100.85
6103.6
6105.6
6106.6
6107.6
6108.6
6109.6
6110.6
6110.6
6111.6
6112.6
6115.6
6116.6
6117.6
6118.6
6119.6
6120.6
6123.1
6124.1
6126.1
6125.85
6126.85
6127.85
6128.85
6131.85
6132.85
6133.85
6134.85
6135.85
6137.85
6138.85
6139.85
6140.85
6141.85
6142.85
6143.85
6138.6
6139.6
6140.6
6141.6
6142.6
6143.6
6144.6
6145.6
6147.6
6148.6
6149.6
6150.6
6150.6
6151.6
6152.6
6153.6
6154.6
6155.6
6156.6
6160.1
6161.1
6162.1
6163.1
6164.1
6165.1
6166.1
6163.6
6166.6
6167.6
6168.6
6169.6
6170.6
6171.6
6173.6
6174.6
6175.6
6176.6
6177.6
6178.6
6179.6
6182.35
6183.35
6184.35
6185.35
6186.35
6187.35
6188.35
6189.35
6190.35
6193.85
6191.85
6193.85
6194.85
6199.35
6200.35
6201.35
6202.35
6203.35
6204.35
6205.35
6243.35
6317.1
6317.1
6337.35
6345.1
6433.6
6504.85
6539.35
6689.35
6699.35
6749.35
6768.6
6788.85
6865.85
6869.35
6878.85
6889.6
6931.35
6941.85
6941.85
6951.6
6999.1
7002.6
7000.6
7000.6
7001.6
7002.6
7003.6
7012.1
6988.85
7044.6
7062.6
7063.6
7064.6
7065.6
7066.6
7069.35
7070.35
7071.35
7072.35
7073.35
7075.35
7076.35
7077.35
7078.35
7079.35
7080.35
7081.35
7082.35
7083.35
7084.35
7085.35
7086.35
7087.35
7089.35
7086.35
7088.35
7090.35
7092.35
7093.35
7094.35
7095.35
7096.35
7097.35
7098.35
7087.1
7088.1
7090.1
7091.1
7092.1
7094.85
7095.85
7096.85
7097.85
7098.85
7101.6
7102.6
7103.6
7104.6
7105.6
7106.6
7107.6
7105.6
7106.6
7107.6
7108.6
7111.35
7112.35
7113.35
7114.35
7115.35
7116.35
7120.85
7121.85
7122.85
7123.85
7124.85
7125.85
7126.85
7120.6
7121.6
7122.6
7123.1
7124.1
7125.1
7127.1
7129.1
7130.1
7133.85
7136.6
7137.6
7124.35
7125.35
7126.35
7127.35
7129.35
7130.35
7131.35
7132.35
7133.35
7134.35
7121.85
7122.85
7123.85
7124.85
7125.85
7126.85
7127.85
7128.6
7131.35
7136.1
7139.85
7140.85
7141.85
7142.85
7134.1
7135.1
7136.1
7137.1
7137.1
7138.1
7139.1
7141.1
7142.1
7122.1
7123.1
7124.1
7125.1
7126.1
7127.1
7128.1
7107.35
7108.35
7109.35
7110.35
7111.35
7112.35
7113.35
7111.35
7112.35
7113.35
7114.35
7115.35
7116.35
7117.35
7119.35
7116.1
7117.1
7118.1
7119.1
7120.1
7121.1
7122.1
7123.1
7124.1
7125.1
7126.1
7127.1
7128.1
7127.85
7129.85
7125.85
7126.85
7127.85
7128.85
7129.85
7130.85
7134.35
7135.35
7136.35
7137.35
7138.35
7139.35
7142.1
7143.1
7145.1
7148.85
7149.85
7150.85
7152.85
7153.85
7154.85
7155.85
7156.85
7157.85
7158.85
7159.85
7160.85
7161.85
7162.85
7163.85
7164.85
7162.6
7162.6
7163.6
7164.6
7165.6
7166.6
7167.6
7137.6
7138.6
7139.6
7140.6
7141.6
7142.6
7125.1
7126.1
7130.6
7131.6
7133.6
7134.6
7135.6
7135.6
7136.6
7137.6
7138.6
7142.6
7143.6
7144.6
7145.6
7147.6
7149.6
7150.6
7151.6
7152.6
7153.6
7154.35
7172.1
7173.1
7174.1
7175.1
7176.1
7177.1
7200.85
7201.85
7202.85
7203.85
7204.85
7222.85
7223.85
7225.85
7226.85
7227.85
7235.6
7236.6
7237.6
7238.6
7239.6
7240.6
7240.6
7241.6
7242.6
7243.6
7244.6
7245.6
7246.6
7247.6
7255.85
7256.85
7257.85
7258.85
7259.85
7260.85
7266.6
7267.6
7268.6
7269.6
7270.6
7271.6
7272.6
7286.1
7287.1
7288.1
7289.1
7290.1
7291.1
7292.1
7286.1
7287.1
7288.1
7289.1
7290.1
7291.1
7291.85
7292.85
7293.85
7294.85
7295.85
7296.85
7297.6
7298.6
7299.6
7300.6
7301.6
7302.6
7420.6
7546.1
7550.1
7551.1
7552.1
7553.1
7554.1
7555.1
7557.85
7558.85
7559.85
7560.85
7560.85
7561.85
7563.85
7564.85
7565.85
7566.85
7566.35
7567.35
7568.35
7567.35
7568.35
7569.35
7572.1
7572.1
7575.85
7576.85
7576.35
7577.35
7580.1
7582.85
7583.85
7584.85
7585.85
7586.85
7587.85
7590.6
7591.6
7592.6
7594.6
7595.6
7596.6
7598.35
7600.35
7601.35
7602.35
7603.35
7604.35
7605.35
7605.35
7599.85
7600.85
7601.85
7602.85
7602.6
7603.6
7604.6
7605.6
7606.6
7607.6
7609.35
7610.35
7611.35
7612.35
7613.35
7614.35
7615.35
7618.1
7618.1
7622.35
7623.35
7624.35
7625.35
7626.35
7627.35
7628.35
7632.35
7634.35
7636.1
7637.1
7638.1
7639.1
7643.6
7644.6
7647.35
7648.35
7649.35
7650.35
7651.35
7652.35
7652.35
7648.1
7649.1
7650.1
7651.1
7652.1
7655.6
7656.6
7657.6
7658.6
7659.6
7660.6
7661.6
7662.6
7665.35
7666.35
7692.1
7694.85
7695.85
7696.85
7697.85
7698.85
7699.85
7700.85
7701.85
7702.85
7715.1
7716.1
7717.1
7718.1
7719.1
7719.1
7720.1
7725.35
7726.35
7721.1
7722.1
7723.1
7723.1
7725.1
7731.85
7734.6
7735.6
7777.1
7778.1
7779.1
7780.1
7781.1
7782.1
7783.1
7784.1
7786.85
7787.6
7788.6
7789.6
7790.6
7793.35
7794.35
7795.35
7796.35
7797.35
7798.35
7799.35
7808.35
7809.35
7810.35
7811.35
7812.35
7813.35
7816.1
7817.1
7818.1
7822.35
7823.35
7877.35
7878.35
7879.35
7880.35
7881.35
7882.35
7883.35
7877.6
7878.6
7879.6
7880.6
7881.6
7884.35
7894.35
7896.35
7917.35
7936.35
7939.1
7940.1
7941.1
7942.1
7943.1
7944.1
7946.85
7951.1
7952.1
7953.1
7954.1
7955.1
7956.1
7957.1
7994.6
7995.6
7997.35
7998.35
7999.35
8001.35
8002.35
8003.35
8016.35
8017.35
8018.35
8019.35
8020.35
8021.35
8022.35
8026.35
8027.35
8028.35
8029.35
8030.35
8031.35
8035.6
8036.6
8037.6
8038.6
8039.6
8043.35
8044.35
8045.35
8046.35
8049.35
8050.35
8050.35
8051.35
8052.35
8053.35
8077.1
8077.1
8079.1
8080.1
8081.1
8085.6
8095.6
8096.6
8097.6
8097.6
8098.6
8101.85
8102.85
8103.85
8104.85
8105.85
8106.85
8107.85
8110.6
8113.35
8114.35
8115.35
8118.1
8119.1
8120.1
8121.1
8122.1
8123.1
8124.1
8126.1
8127.1
8128.1
8129.1
8130.1
8131.1
8132.1
8150.35
8153.1
8154.1
8155.1
8156.1
8157.1
8158.1
8159.1
8160.1
8161.85
8162.85
8163.85
8164.85
8165.85
8166.85
8182.35
8183.35
8184.35
8185.35
8182.85
8183.85
8184.85
8188.35
8189.35
8190.35
8191.35
8192.35
8204.35
8207.1
8208.1
8209.1
8210.1
8234.35
8235.35
8236.35
8236.35
8237.35
8238.35
8238.35
8259.85
8260.85
8261.85
8262.85
8262.85
8263.85
8264.85
8267.6
8268.6
8269.6
8270.6
8271.6
8274.35
8275.35
8276.35
8277.35
8278.35
8279.35
8280.35
8281.35
8282.35
8283.35
8284.35
8302.85
8303.85
8305.85
8306.85
8307.85
8308.85
8309.85
8310.85
8311.85
8312.85
8306.6
8434.35
8435.35
8477.1
8561.6
8562.6
8563.6
8564.6
8565.6
8566.6
8567.6
8568.6
8569.6
8570.6
8571.6
8574.35
8575.35
8576.35
8577.35
8578.35
8596.1
8587.85
8588.85
8589.85
8590.85
8591.85
8594.6
8595.6
8595.6
8596.6
8597.6
8598.6
8600.6
8601.6
8602.6
8603.6
8604.6
8605.6
8629.35
8630.35
8631.35
8632.35
8633.35
8634.35
8635.35
8636.35
8637.35
8638.35
8640.35
8641.35
8637.1
8638.1
8639.1
8640.1
8641.1
8652.85
8654.6
8677.85
8678.85
8679.85
8680.85
8682.85
8683.85
8684.85
8774.35
8779.35
8823.1
8929.1
8930.1
8931.1
8932.1
8933.1
8934.1
8937.6
8938.6
8941.35
8942.35
8943.35
8944.35
8945.35
8946.35
8947.35
8949.35
8949.35
8950.35
8951.35
8952.35
8952.35
8954.1
8955.1
8956.1
8957.1
8958.1
8959.1
8960.1
8961.1
8961.1
8962.1
8972.6
8973.6
8974.6
8975.6
8976.6
8977.6
8978.6
9280.85
9336.85
9392.85
9393.85
9396.6
9399.35
9400.35
9401.35
9402.35
9405.1
9406.1
9407.1
9408.1
9409.1
9410.1
9411.1
9415.85
9416.85
9417.85
9418.85
9418.85
9419.85
9420.85
9421.85
9424.6
9425.6
9428.35
9429.35
9673.35
9675.6
10012.6
10274.4
10356.4
10426.6
10465.9
10507.9
10500.1
10574.1
10575.1
10576.1
10577.1
10578.6
10579.6
10580.6
10581.6
10582.6
10583.6
10587.1
10588.1
10589.1
10590.1
10591.1
10592.1
10593.1
10594.9
10595.9
10598.6
10600.4
10601.4
10602.4
10603.4
10604.4
10605.4
10606.4
10608.4
10608.4
10609.4
10610.4
10611.4
10611.4
10614.1
10615.1
10616.1
10617.1
10618.1
10619.1
10620.1
10621.1
10622.1
10623.1
10624.1
10625.1
10626.1
10609.9
10610.9
10611.9
10613.9
10614.9
10617.4
10618.4
10619.4
10620.4
10621.4
10622.4
10623.1
10624.1
10625.1
10626.1
10627.1
10628.1
10631.9
10632.9
10633.9
10634.9
10635.9
10637.9
10641.4
10642.4
10645.9
10646.9
10647.9
10648.9
10649.9
10650.9
10651.9
10652.9
10653.9
10654.9
10655.9
10656.9
10657.9
10658.9
10657.4
10658.4
10659.4
10660.4
10661.4
10662.4
10665.9
10666.9
10666.9
10667.9
10668.9
10667.1
10668.1
10670.1
10671.1
10673.9
10674.9
10675.9
10676.9
10677.9
10678.9
10680.9
10681.9
10682.9
10683.9
10684.9
10685.9
10688.6
10688.6
10689.6
10690.6
10692.6
10693.6
10694.6
10695.6
10699.1
10699.1
10699.1
10700.1
10701.1
10702.1
10703.1
10705.6
10706.6
10707.6
10708.6
10709.6
10710.6
10713.4
10714.4
10715.4
10716.4
10717.4
10720.1
10721.1
10722.1
10723.1
10724.1
10725.1
10726.1
10728.1
10729.1
10730.1
10731.1
10732.1
10733.1
10734.1
10736.9
10737.9
10741.1
10742.1
10743.1
10744.1
10745.1
10748.9
10749.9
10752.6
10756.1
10757.1
10758.1
10759.1
10760.1
10761.1
10762.1
10763.6
10764.6
10765.6
10766.6
10767.6
10768.6
10771.4
10772.4
10773.4
10774.4
10775.4
10778.1
10779.1
10780.1
10782.9
10783.9
10784.9
10785.9
10786.9
10787.9
10788.9
10789.9
10790.9
10791.9
10792.9
10793.9
10794.9
10795.9
10796.6
10797.6
10798.6
10799.6
10800.6
10804.1
10806.9
10807.9
10805.6
10806.6
10807.6
10808.6
10811.4
10812.4
10813.4
10814.4
10815.4
10818.1
10819.1
10820.1
10822.1
10823.1
10825.9
10826.9
10827.9
10828.9
10830.9
10831.9
10832.9
10833.9
10834.9
10835.9
10836.9
10837.9
10835.6
10841.6
10842.6
10843.6
10844.6
10844.6
10845.6
10846.1
10847.1
10848.1
10849.1
10850.1
10852.9
10853.9
10854.9
10855.9
10856.9
10857.9
10859.9
10863.4
10864.4
10867.1
10868.1
10869.1
10870.1
10871.1
10872.1
10873.1
10873.1
10874.1
10875.1
10876.1
10864.9
10865.9
10865.9
10866.9
10867.9
10872.4
10873.4
10874.4
10875.4
10876.4
10877.4
10878.4
10876.9
10877.9
10878.9
10879.9
10878.9
10882.4
10884.4
10885.4
10886.4
10889.1
10889.1
10890.1
10891.1
10892.1
10893.1
10894.1
10895.1
10896.1
10897.1
10898.1
10890.6
10891.6
10892.6
10900.9
10901.9
10902.9
10891.9
10892.9
10893.9
10894.9
10896.9
10897.9
10896.9
10897.9
10898.9
10899.9
10900.9
10901.9
10902.9
10905.6
10907.6
10908.6
10909.6
10909.6
10910.6
10911.6
10912.6
10913.6
10914.6
10915.6
10893.6
10894.6
10895.6
10896.6
10890.4
10891.4
10892.4
10893.4
10894.4
10895.4
10896.1
10897.1
10899.1
10900.1
10892.9
10893.9
10894.9
10895.9
10896.9
10897.9
10898.9
10899.9
10900.9
10903.6
10904.6
10905.6
10907.6
10908.6
10909.6
10910.6
10911.6
10906.4
10907.4
10908.4
10908.4
10909.4
10910.4
10913.1
10914.1
10915.1
10916.1
10918.1
10908.4
10909.4
10910.4
10910.4
10911.4
10912.4
10916.6
10916.6
10917.6
10921.1
10922.1
10923.1
10924.1
10925.1
10927.9
10928.9
10929.9
10932.6
10933.6
10934.6
10935.6
10936.6
10936.6
10928.6
10929.6
10930.6
10931.6
10932.6
10933.6
10939.1
10940.1
10941.1
10940.1
10941.1
10942.1
10943.1
10944.1
10946.1
10948.6
10949.6
10950.6
10951.6
10952.6
10953.6
10954.6
10955.6
10956.6
10958.6
10961.4
10967.1
10968.1
10969.1
10976.4
10976.4
10985.4
10987.4
10993.4
10994.4
10995.4
10996.4
10997.4
10998.4
10999.4
11000.4
11001.4
11002.4
11003.4
11004.4
11005.4
11006.4
11008.6
11009.6
11010.6
11011.6
11012.6
11013.6
11014.6
11018.1
11022.4
11026.6
11027.6
11028.6
11029.6
11030.6
11031.6
11035.9
11036.9
11037.9
11038.9
11039.9
11040.9
11042.9
11043.9
11044.9
11044.9
11047.6
11048.6
11049.6
11050.6
11051.6
11052.6
11053.6
11054.6
11055.6
11061.4
11066.9
11067.9
11068.9
11069.9
11070.9
11071.9
11076.1
11077.1
