0.998410
0.991110
0.991360
0.993760
0.997060
0.998470
0.993130
0.112000
0.166000
0.581000
0.595000
0.459000
0.372000
0.870000
0.203000
0.772000
0.156000
0.821000
0.864000
0.898000
0.929000
0.805000
0.277000
0.247000
0.360000
0.360000
0.360000
0.360000
0.360000
0.360000
0.954000
0.670000
0.798000
0.010000
0.879000
0.554000
0.973000
0.124000
0.687000
0.449000
0.839000
0.352000
0.491000
0.106000
0.360000
0.360000
0.360000
0.360000
0.360000
0.691000
0.691000
0.360000
0.360000
0.360000
0.360000
0.360000
0.360000
0.360000
0.360000
0.735000
0.291000
0.706000
0.785000
0.846000
0.540000
0.346000
0.346000
0.172000
0.573000
0.957000
0.566000
0.346000
0.346000
0.346000
0.346000
0.346000
0.346000
0.579000
0.599000
0.697000
0.362000
0.342000
0.712000
0.400000
0.415000
0.743000
0.368000
0.323000
0.207000
0.712000
0.346000
0.346000
0.346000
0.346000
0.346000
0.346000
0.795000
0.403000
0.254000
0.954000
0.351000
0.121000
0.706000
0.869000
0.096000
0.368000
0.154000
0.348000
0.503000
0.237000
0.363000
0.173000
0.740000
0.740000
0.740000
0.740000
0.740000
0.740000
0.740000
0.894000
0.819000
0.536000
0.435000
0.459000
0.374000
0.715000
0.075000
0.922000
0.090000
0.041000
0.864000
0.138000
0.319000
0.038000
0.985000
0.393000
0.378000
0.463000
0.321000
0.658000
0.420000
0.346000
0.346000
0.346000
0.346000
0.346000
0.346000
0.573000
0.471000
0.920000
0.269000
0.935000
0.847000
0.032000
0.250000
0.142000
0.995000
0.632000
0.618000
0.043000
0.160000
0.976000
0.405000
0.903000
0.266000
0.000000
0.659000
0.945000
0.943000
0.542000
0.469000
0.581000
0.203000
0.529000
0.765000
0.077000
0.016000
0.589000
0.059000
0.490000
0.212000
0.331000
0.061000
0.692000
0.052000
0.168000
0.649000
0.390000
0.302000
0.405000
0.888000
0.208000
0.105000
0.739000
0.838000
0.762000
0.282000
0.248000
0.811000
0.554000
0.140000
0.842000
0.004000
0.344000
0.051000
0.574000
0.741000
0.349000
0.022000
0.174000
0.011000
0.086000
0.087000
